         1  1     0.00000000      0.00000000    
         1  2     0.00000000      0.00000000    
         2  1     0.00000000      0.00000000    
         2  2     0.00000000      0.00000000    
         3  1     0.00000000      0.00000000    
         3  2     0.00000000      0.00000000    
         4  1     0.00000000      0.00000000    
         4  2     0.00000000      0.00000000    
         5  1     0.00000000      0.00000000   
         5  2     0.00000000      0.00000000    
         6  1     0.00000000      0.00000000    
         6  2    -5.00000000      0.00000000    
        17  1     0.00000000      0.00000000   
        17  2    -5.00000000      0.00000000    
        18  1     0.00000000      0.00000000    
        18  2    -5.00000000      0.00000000    

