       1   1   1   1   0   1      3     4    52    31
       2   1   1   1   0   1      4     5    41    52
       3   1   1   1   0   1     31    52    53    32
       4   1   1   1   0   1     52    41    42    53
       5   1   1   1   0   1     32    53    54    33
       6   1   1   1   0   1     53    42    43    54
       7   1   1   1   0   1     33    54    55    34
       8   1   1   1   0   1     54    43    44    55
       9   1   1   1   0   1     34    55    56    35
      10   1   1   1   0   1     55    44    45    56
      11   1   1   1   0   1     35    56    57    36
      12   1   1   1   0   1     56    45    46    57
      13   1   1   1   0   1     36    57    58    37
      14   1   1   1   0   1     57    46    47    58
      15   1   1   1   0   1     37    58    59    38
      16   1   1   1   0   1     58    47    48    59
      17   1   1   1   0   1     38    59    60    39
      18   1   1   1   0   1     59    48    49    60
      19   1   1   1   0   1     39    60    61    40
      20   1   1   1   0   1     60    49    50    61
      21   1   1   1   0   1     40    61    51    30
      22   1   1   1   0   1     61    50    29    51
      23   1   1   1   0   1     28     1     3    31
      24   1   1   1   0   1     27    28    31    32
      25   1   1   1   0   1     26    27    32    33
      26   1   1   1   0   1     25    26    33    34
      27   1   1   1   0   1     24    25    34    35
      28   1   1   1   0   1     23    24    35    36
      29   1   1   1   0   1     22    23    36    37
      30   1   1   1   0   1     21    22    37    38
      31   1   1   1   0   1     20    21    38    39
      32   1   1   1   0   1     19    20    39    40
      33   1   1   1   0   1     17    19    40    30
      34   1   1   1   0   1     18    17    30    51
      35   1   1   1   0   1      6    18    51    29
      36   1   1   1   0   1     16     6    29    50
      37   1   1   1   0   1     15    16    50    49
      38   1   1   1   0   1     14    15    49    48
      39   1   1   1   0   1     13    14    48    47
      40   1   1   1   0   1     12    13    47    46
      41   1   1   1   0   1     11    12    46    45
      42   1   1   1   0   1     10    11    45    44
      43   1   1   1   0   1      9    10    44    43
      44   1   1   1   0   1      8     9    43    42
      45   1   1   1   0   1      7     8    42    41
      46   1   1   1   0   1      2     7    41     5
