        1    12.5000000000         0.00000000000         0.00000000000     
        2    22.5000000000         0.00000000000         0.00000000000     
        3    15.0000000000         0.00000000000         0.00000000000     
        4    17.5000000000         0.00000000000         0.00000000000     
        5    20.0000000000         0.00000000000         0.00000000000     
        6    12.5000000000         30.0000000000         0.00000000000     
        7    21.5909090909         2.72727272727         0.00000000000     
        8    20.6818181818         5.45454545455         0.00000000000     
        9    19.7727272727         8.18181818182         0.00000000000     
       10    18.8636363636         10.9090909091         0.00000000000     
       11    17.9545454546         13.6363636364         0.00000000000     
       12    17.0454545454         16.3636363636         0.00000000000     
       13    16.1363636364         19.0909090909         0.00000000000     
       14    15.2272727273         21.8181818182         0.00000000000     
       15    14.3181818182         24.5454545454         0.00000000000     
       16    13.4090909091         27.2727272727         0.00000000000     
       17    7.50000000000         30.0000000000         0.00000000000     
       18    10.0000000000         30.0000000000         0.00000000000     
       19    7.95454545455         27.2727272727         0.00000000000     
       20    8.40909090909         24.5454545454         0.00000000000     
       21    8.86363636364         21.8181818182         0.00000000000     
       22    9.31818181818         19.0909090909         0.00000000000     
       23    9.77272727273         16.3636363636         0.00000000000     
       24    10.2272727273         13.6363636364         0.00000000000     
       25    10.6818181818         10.9090909091         0.00000000000     
       26    11.1363636364         8.18181818182         0.00000000000     
       27    11.5909090909         5.45454545455         0.00000000000     
       28    12.0454545454         2.72727272727         0.00000000000     
       29    11.6964308004         27.9404289523         0.00000000000     
       30    9.33335472350         27.9404289523         0.00000000000     
       31    14.4427947167         2.67458535977         0.00000000000     
       32    13.8855894334         5.34917071954         0.00000000000     
       33    13.3283841501         8.02375607931         0.00000000000     
       34    12.7711788669         10.6983414391         0.00000000000     
       35    12.2139735836         13.3729267988         0.00000000000     
       36    11.6569612414         16.0467116510         0.00000000000     
       37    11.1011349966         18.7152599165         0.00000000000     
       38    10.5505593962         21.3617685125         0.00000000000     
       39    10.0179293566         23.9382605635         0.00000000000     
       40    9.54553605086         26.3148932599         0.00000000000     
       41    19.2199126034         2.67458535977         0.00000000000     
       42    18.4398252068         5.34917071954         0.00000000000     
       43    17.6597378102         8.02375607931         0.00000000000     
       44    16.8796504136         10.6983414391         0.00000000000     
       45    16.0995630170         13.3729267988         0.00000000000     
       46    15.3196829332         16.0467116510         0.00000000000     
       47    14.5412350451         18.7152599165         0.00000000000     
       48    13.7685563476         21.3617685125         0.00000000000     
       49    13.0129403617         23.9382605635         0.00000000000     
       50    12.2970173192         26.3148932599         0.00000000000     
       51    10.5050409430         27.9798362281         0.00000000000     
       52    16.8368094525         2.65276218980         0.00000000000     
       53    16.1736189051         5.30552437960         0.00000000000     
       54    15.5104283576         7.95828656940         0.00000000000     
       55    14.8472378102         10.6110487592         0.00000000000     
       56    14.1840472627         13.2638109490         0.00000000000     
       57    13.5211396533         15.9154413866         0.00000000000     
       58    12.8600839283         18.5596642869         0.00000000000     
       59    12.2067989188         21.1728043250         0.00000000000     
       60    11.5779772931         23.6880908277         0.00000000000     
       61    11.0114645072         25.9541419713         0.00000000000     